aa;ra;na;da;ca;qa;ea;ga;ha;ia;la;ka;ma;fa;pa;sa;ta;wa;ya;va;ar;rr;nr;dr;cr;qr;er;gr;hr;ir;lr;kr;mr;fr;pr;sr;tr;wr;yr;vr;an;rn;nn;dn;cn;qn;en;gn;hn;in;ln;kn;mn;fn;pn;sn;tn;wn;yn;vn;ad;rd;nd;dd;cd;qd;ed;gd;hd;id;ld;kd;md;fd;pd;sd;td;wd;yd;vd;ac;rc;nc;dc;cc;qc;ec;gc;hc;ic;lc;kc;mc;fc;pc;sc;tc;wc;yc;vc;aq;rq;nq;dq;cq;qq;eq;gq;hq;iq;lq;kq;mq;fq;pq;sq;tq;wq;yq;vq;ae;re;ne;de;ce;qe;ee;ge;he;ie;le;ke;me;fe;pe;se;te;we;ye;ve;ag;rg;ng;dg;cg;qg;eg;gg;hg;ig;lg;kg;mg;fg;pg;sg;tg;wg;yg;vg;ah;rh;nh;dh;ch;qh;eh;gh;hh;ih;lh;kh;mh;fh;ph;sh;th;wh;yh;vh;ai;ri;ni;di;ci;qi;ei;gi;hi;ii;li;ki;mi;fi;pi;si;ti;wi;yi;vi;al;rl;nl;dl;cl;ql;el;gl;hl;il;ll;kl;ml;fl;pl;sl;tl;wl;yl;vl;ak;rk;nk;dk;ck;qk;ek;gk;hk;ik;lk;kk;mk;fk;pk;sk;tk;wk;yk;vk;am;rm;nm;dm;cm;qm;em;gm;hm;im;lm;km;mm;fm;pm;sm;tm;wm;ym;vm;af;rf;nf;df;cf;qf;ef;gf;hf;if;lf;kf;mf;ff;pf;sf;tf;wf;yf;vf;ap;rp;np;dp;cp;qp;ep;gp;hp;ip;lp;kp;mp;fp;pp;sp;tp;wp;yp;vp;as;rs;ns;ds;cs;qs;es;gs;hs;is;ls;ks;ms;fs;ps;ss;ts;ws;ys;vs;at;rt;nt;dt;ct;qt;et;gt;ht;it;lt;kt;mt;ft;pt;st;tt;wt;yt;vt;aw;rw;nw;dw;cw;qw;ew;gw;hw;iw;lw;kw;mw;fw;pw;sw;tw;ww;yw;vw;ay;ry;ny;dy;cy;qy;ey;gy;hy;iy;ly;ky;my;fy;py;sy;ty;wy;yy;vy;av;rv;nv;dv;cv;qv;ev;gv;hv;iv;lv;kv;mv;fv;pv;sv;tv;wv;yv;vv
1.86547665734872;1.19647236467631;1.44734897442846;1.69822558418062;0.527468072003902;1.11284682809226;1.53097451101251;0.861970218340106;0.694719145172004;-0.894166049924966;0.0257148524995959;1.44734897442846;0.192965925667698;-0.225161757252557;1.19647236467631;1.61460004759657;1.28009790126036;-0.308787293836609;0.109340389083647;0.443842535419851;1.19647236467631;0.443842535419851;0.611093608587953;0.778344681756055;-0.392412830420659;0.276591462251749;0.527468072003902;0.276591462251749;-0.0579106840844556;-1.14504265967712;-0.225161757252557;1.02922129150821;-0.141536220668506;-0.810540513340914;0.527468072003902;0.861970218340106;0.694719145172004;-0.810540513340914;-0.643289440172812;-0.0579106840844556;1.44734897442846;0.611093608587953;1.36372343784441;1.44734897442846;-0.0579106840844556;0.861970218340106;1.19647236467631;0.694719145172004;0.3602169988358;-0.810540513340914;0.192965925667698;1.28009790126036;0.527468072003902;-0.141536220668506;1.02922129150821;1.44734897442846;1.11284682809226;-0.392412830420659;-0.141536220668506;0.443842535419851;1.69822558418062;0.778344681756055;1.44734897442846;1.78185112076467;0.527468072003902;1.36372343784441;1.28009790126036;0.945595754924157;0.443842535419851;-0.476038367004711;0.443842535419851;1.36372343784441;0.443842535419851;-0.0579106840844556;1.28009790126036;1.78185112076467;1.44734897442846;-0.225161757252557;0.109340389083647;0.694719145172004;0.527468072003902;-0.392412830420659;-0.0579106840844556;0.527468072003902;-1.89767248893358;-0.141536220668506;0.3602169988358;-0.476038367004711;-0.643289440172812;-2.06492356210168;-1.14504265967712;0.3602169988358;-1.14504265967712;-1.64679587918142;-0.392412830420659;0.192965925667698;0.0257148524995959;-1.73042141576548;-1.47954480601332;-0.977791586509017;1.11284682809226;0.276591462251749;0.861970218340106;1.36372343784441;-0.141536220668506;1.19647236467631;1.02922129150821;0.3602169988358;0.109340389083647;-0.894166049924966;-0.141536220668506;0.945595754924157;1.11284682809226;-0.392412830420659;0.694719145172004;1.02922129150821;0.945595754924157;-0.810540513340914;-0.308787293836609;0.109340389083647;1.53097451101251;0.527468072003902;1.19647236467631;1.28009790126036;0.3602169988358;1.02922129150821;1.69822558418062;0.861970218340106;0.276591462251749;-0.726914976756864;0.192965925667698;0.861970218340106;0.192965925667698;-0.141536220668506;1.11284682809226;1.36372343784441;1.28009790126036;-0.308787293836609;-0.0579106840844556;0.527468072003902;0.861970218340106;0.276591462251749;0.694719145172004;0.945595754924157;-0.476038367004711;0.3602169988358;0.861970218340106;0.778344681756055;0.109340389083647;-1.22866819626117;-0.308787293836609;0.861970218340106;-0.225161757252557;-0.643289440172812;0.527468072003902;0.861970218340106;0.611093608587953;-0.810540513340914;-0.476038367004711;-0.225161757252557;0.694719145172004;-0.0579106840844556;0.3602169988358;0.443842535419851;-0.643289440172812;0.109340389083647;0.276591462251749;0.109340389083647;-0.0579106840844556;-1.47954480601332;-0.643289440172812;0.611093608587953;-0.476038367004711;-1.31229373284522;0.276591462251749;0.443842535419851;0.276591462251749;-1.39591926942927;-1.06141712309307;-0.392412830420659;-0.894166049924966;-1.14504265967712;-0.810540513340914;-0.476038367004711;-2.06492356210168;-0.894166049924966;-0.726914976756864;-1.22866819626117;-1.47954480601332;-2.81755339135814;-2.23217463526978;-0.643289440172812;-2.14854909868573;-2.65030231819004;-0.977791586509017;-0.559663903588762;-0.894166049924966;-2.48305124502194;-2.14854909868573;-2.06492356210168;0.0257148524995959;-0.225161757252557;0.192965925667698;0.443842535419851;-1.14504265967712;-0.141536220668506;0.192965925667698;-0.308787293836609;-0.643289440172812;-2.23217463526978;-0.977791586509017;0.192965925667698;-1.22866819626117;-1.81404695234953;0.0257148524995959;0.3602169988358;0.0257148524995959;-1.64679587918142;-1.14504265967712;-1.14504265967712;1.44734897442846;1.02922129150821;1.28009790126036;1.36372343784441;0.3602169988358;0.945595754924157;0.861970218340106;0.861970218340106;0.611093608587953;-0.643289440172812;0.192965925667698;1.78185112076467;0.109340389083647;-0.0579106840844556;1.02922129150821;1.53097451101251;1.28009790126036;-0.141536220668506;-0.0579106840844556;0.527468072003902;0.192965925667698;-0.141536220668506;0.527468072003902;0.443842535419851;-1.14504265967712;1.11284682809226;0.192965925667698;-0.225161757252557;-0.476038367004711;-2.14854909868573;-1.22866819626117;0.109340389083647;-0.810540513340914;-1.47954480601332;-0.225161757252557;0.611093608587953;0.192965925667698;-1.73042141576548;-1.06141712309307;-0.977791586509017;-0.225161757252557;-0.810540513340914;-0.141536220668506;-0.0579106840844556;-1.64679587918142;-0.392412830420659;-0.141536220668506;-0.643289440172812;-1.31229373284522;-2.65030231819004;-1.81404695234953;-0.0579106840844556;-1.47954480601332;-1.89767248893358;-0.308787293836609;0.109340389083647;-0.225161757252557;-2.14854909868573;-1.47954480601332;-1.39591926942927;1.19647236467631;0.527468072003902;1.02922129150821;1.28009790126036;-0.392412830420659;0.694719145172004;1.11284682809226;0.527468072003902;0.276591462251749;-0.977791586509017;0.0257148524995959;1.02922129150821;-0.225161757252557;-0.308787293836609;1.11284682809226;1.19647236467631;1.02922129150821;-0.643289440172812;-0.308787293836609;0.109340389083647;1.61460004759657;0.861970218340106;1.44734897442846;1.78185112076467;0.192965925667698;1.02922129150821;1.36372343784441;0.861970218340106;0.443842535419851;-0.559663903588762;0.3602169988358;1.53097451101251;0.611093608587953;0.109340389083647;1.19647236467631;1.94910219393277;1.28009790126036;-0.141536220668506;0.109340389083647;0.527468072003902;1.28009790126036;0.694719145172004;1.11284682809226;1.44734897442846;0.0257148524995959;0.945595754924157;1.28009790126036;0.611093608587953;0.276591462251749;-0.894166049924966;0.0257148524995959;1.28009790126036;0.192965925667698;-0.225161757252557;1.02922129150821;1.28009790126036;1.44734897442846;-0.225161757252557;-0.0579106840844556;0.3602169988358;-0.308787293836609;-0.810540513340914;-0.392412830420659;-0.225161757252557;-1.73042141576548;-0.810540513340914;-0.308787293836609;-0.810540513340914;-1.39591926942927;-2.48305124502194;-1.64679587918142;-0.141536220668506;-1.73042141576548;-2.14854909868573;-0.643289440172812;-0.141536220668506;-0.225161757252557;-1.64679587918142;-1.64679587918142;-1.39591926942927;0.109340389083647;-0.643289440172812;-0.141536220668506;0.109340389083647;-1.47954480601332;-0.308787293836609;-0.0579106840844556;-0.476038367004711;-1.06141712309307;-2.14854909868573;-1.14504265967712;-0.0579106840844556;-1.06141712309307;-1.47954480601332;-0.308787293836609;0.109340389083647;-0.0579106840844556;-1.64679587918142;-0.977791586509017;-0.894166049924966;0.443842535419851;-0.0579106840844556;0.443842535419851;0.694719145172004;-0.977791586509017;0.109340389083647;0.527468072003902;-0.225161757252557;-0.392412830420659;-2.06492356210168;-1.14504265967712;0.527468072003902;-0.977791586509017;-1.39591926942927;0.109340389083647;0.527468072003902;0.3602169988358;-1.39591926942927;-0.894166049924966;-0.559663903588762
-0.304251190705315;-0.690908780164014;-0.231752892681808;-0.304251190705315;-0.811739276869858;-0.352583389387652;-0.521746084775833;1.60487065724702;-0.570078283458171;1.70153505461169;3.03067051837597;0.154904696776892;-0.545912184117002;0.324067392165073;-0.376749488728821;0.37239959084741;0.517396186894423;-0.255918992022977;0.396565690188579;1.26654526647065;-0.690908780164014;-0.835905376211027;-0.352583389387652;-0.328417290046483;-0.860071475552196;-0.473413886093496;-0.352583389387652;0.227402994800398;-0.763407078187521;-0.376749488728821;-0.0384240979524584;-0.690908780164014;-0.956735872916871;-0.40091558806999;-0.690908780164014;-0.110922395975965;-0.304251190705315;-0.811739276869858;-0.0867562966347959;-0.110922395975965;-0.231752892681808;-0.352583389387652;-0.642576581481677;-0.425081687411158;-0.666742680822846;-0.449247786752327;-0.521746084775833;0.75905718030611;-0.570078283458171;0.0582402994122166;0.348233491506241;-0.231752892681808;-1.00506807159921;-0.521746084775833;-0.642576581481677;-0.159254594658302;-0.0625901972936271;-0.666742680822846;0.0340742000710478;0.0340742000710478;-0.304251190705315;-0.328417290046483;-0.425081687411158;-0.594244382799339;-0.932569773575702;-0.763407078187521;-0.255918992022977;0.831555478329616;-0.40091558806999;-0.135088495317133;0.275735193482735;0.130738597435723;-0.860071475552196;-0.40091558806999;-0.618410482140508;-0.280085091364146;-0.255918992022977;-0.594244382799339;0.0824063987533853;0.106572498094554;-0.811739276869858;-0.860071475552196;-0.666742680822846;-0.932569773575702;-0.0142579986112896;-0.860071475552196;-0.956735872916871;0.106572498094554;-0.908403674234533;-0.376749488728821;0.0099081007298791;-0.835905376211027;-0.908403674234533;-0.40091558806999;-0.594244382799339;-0.497579985434664;-0.642576581481677;-0.763407078187521;-0.135088495317133;0.106572498094554;-0.352583389387652;-0.473413886093496;-0.449247786752327;-0.763407078187521;-0.860071475552196;-1.00506807159921;-0.715074879505183;0.638226683600266;-0.763407078187521;-0.473413886093496;0.106572498094554;-0.40091558806999;-1.15006466764622;-0.666742680822846;-0.618410482140508;-0.110922395975965;-0.497579985434664;-0.642576581481677;-0.40091558806999;-0.0625901972936271;-0.521746084775833;-0.352583389387652;-0.521746084775833;-0.255918992022977;-0.956735872916871;-0.715074879505183;-0.956735872916871;0.130738597435723;-0.594244382799339;-0.328417290046483;0.106572498094554;0.517396186894423;-0.884237574893364;-0.642576581481677;-0.763407078187521;-0.183420693999471;-0.497579985434664;-0.811739276869858;-0.20758679334064;-0.231752892681808;1.60487065724702;0.227402994800398;0.75905718030611;0.831555478329616;0.106572498094554;0.638226683600266;0.130738597435723;0.638226683600266;-0.20758679334064;1.4598740612;2.57151463089377;1.04905037240013;-0.40091558806999;0.444897888870916;0.324067392165073;2.32985363748208;1.62903675658818;0.0824063987533853;1.31487746515299;3.24816541244649;-0.570078283458171;-0.763407078187521;-0.570078283458171;-0.40091558806999;-0.908403674234533;-0.763407078187521;-0.594244382799339;-0.20758679334064;-0.980901972258039;-0.521746084775833;0.0099081007298791;-0.666742680822846;-1.00506807159921;-0.255918992022977;-0.811739276869858;-0.135088495317133;-0.304251190705315;-0.618410482140508;-0.110922395975965;-0.159254594658302;1.70153505461169;-0.376749488728821;0.0582402994122166;-0.135088495317133;-0.376749488728821;-0.473413886093496;-0.328417290046483;1.4598740612;-0.521746084775833;0.783223279647279;4.38397208148142;0.106572498094554;-0.110922395975965;1.31487746515299;-0.183420693999471;0.396565690188579;0.444897888870916;-0.20758679334064;0.783223279647279;4.04564669070506;3.03067051837597;-0.0384240979524584;0.348233491506241;0.275735193482735;0.0099081007298791;0.106572498094554;0.106572498094554;2.57151463089377;0.0099081007298791;4.38397208148142;2.86150782298779;0.904053776353122;0.227402994800398;3.05483661771714;-0.0625901972936271;1.0732164717413;1.48404016054117;0.469063988212085;1.36320966383533;6.22059563141024;0.154904696776892;-0.690908780164014;-0.231752892681808;0.130738597435723;-0.835905376211027;-0.40091558806999;0.517396186894423;1.04905037240013;-0.666742680822846;0.106572498094554;0.904053776353122;-0.690908780164014;-0.666742680822846;-0.40091558806999;-0.352583389387652;0.0582402994122166;0.0340742000710478;-0.690908780164014;0.37239959084741;0.444897888870916;-0.545912184117002;-0.956735872916871;-1.00506807159921;-0.860071475552196;-0.908403674234533;-1.15006466764622;-0.884237574893364;-0.40091558806999;-1.00506807159921;-0.110922395975965;0.227402994800398;-0.666742680822846;-1.02923417094038;-0.690908780164014;-0.787573177528689;-0.835905376211027;-0.787573177528689;-0.763407078187521;-0.715074879505183;0.0824063987533853;0.324067392165073;-0.40091558806999;-0.521746084775833;-0.40091558806999;-0.40091558806999;-0.666742680822846;-0.642576581481677;0.444897888870916;-0.255918992022977;1.31487746515299;3.05483661771714;-0.40091558806999;-0.690908780164014;0.106572498094554;-0.715074879505183;-0.304251190705315;-0.231752892681808;-0.183420693999471;-0.0867562966347959;1.58070455790585;-0.376749488728821;-0.690908780164014;-0.642576581481677;-0.618410482140508;-0.594244382799339;-0.618410482140508;-0.763407078187521;0.324067392165073;-0.811739276869858;-0.183420693999471;-0.0625901972936271;-0.352583389387652;-0.787573177528689;-0.715074879505183;-0.908403674234533;-0.255918992022977;-0.40091558806999;-0.715074879505183;-0.159254594658302;0.227402994800398;0.37239959084741;-0.110922395975965;-0.159254594658302;-0.280085091364146;-0.497579985434664;-0.110922395975965;-0.183420693999471;2.32985363748208;-0.135088495317133;0.396565690188579;1.0732164717413;0.0582402994122166;-0.835905376211027;-0.304251190705315;-0.255918992022977;-0.352583389387652;0.493230087553254;-0.425081687411158;0.541562286235591;1.3873757631765;0.517396186894423;-0.304251190705315;-0.0625901972936271;-0.255918992022977;-0.642576581481677;-0.497579985434664;-0.497579985434664;1.62903675658818;-0.304251190705315;0.444897888870916;1.48404016054117;0.0340742000710478;-0.787573177528689;-0.231752892681808;-0.40091558806999;0.493230087553254;-0.473413886093496;-0.690908780164014;0.106572498094554;0.734891080964941;-0.255918992022977;-0.811739276869858;-0.666742680822846;-0.594244382799339;-0.763407078187521;-0.642576581481677;-0.811739276869858;0.0824063987533853;-0.618410482140508;-0.20758679334064;0.469063988212085;-0.690908780164014;-0.763407078187521;-0.183420693999471;-0.715074879505183;-0.425081687411158;-0.690908780164014;-1.00506807159921;-0.40091558806999;0.324067392165073;0.396565690188579;-0.0867562966347959;0.0340742000710478;0.0824063987533853;-0.135088495317133;-0.40091558806999;-0.20758679334064;1.31487746515299;-0.110922395975965;0.783223279647279;1.36320966383533;0.37239959084741;-0.715074879505183;-0.0867562966347959;-0.159254594658302;0.541562286235591;0.106572498094554;-0.40091558806999;-0.376749488728821;0.879887677011954;1.26654526647065;-0.110922395975965;0.0340742000710478;0.106572498094554;0.106572498094554;-0.0625901972936271;-0.231752892681808;3.24816541244649;-0.159254594658302;4.04564669070506;6.22059563141024;0.444897888870916;0.0824063987533853;1.58070455790585;0.227402994800398;1.3873757631765;0.734891080964941;0.324067392165073;0.879887677011954;2.49901633287026
0.704231534646702;0.72566233887462;0.486861948906387;0.428692623144895;0.486861948906387;-0.0244158091025212;0.557277448512404;0.863431794625523;-0.241785394842836;-1.63784921311866;-0.750001609390613;0.192953776637793;-1.11432528126522;0.404200275455845;0.0674304947314144;0.352154036616615;0.00619962550879066;0.358277123538877;-0.0917697652474073;-1.09901756395957;0.72566233887462;-0.443847263277494;-0.927571130136222;-1.61335686542961;0.532785100823355;0.679739186957652;-2.19505012304453;-0.113200569475326;0.33990786277209;-0.0427850698693083;1.14509379304959;2.24724943905682;1.5584021603023;-0.0550312437138331;-0.538755110572561;-0.805109391690974;0.765462403869325;-0.746940065929481;0.134784450876301;-0.0336004394859148;0.486861948906387;-0.927571130136222;-0.630601414406496;-1.63478766965753;0.321538602005303;-0.572432088645004;-0.802047848229843;-0.296893177143197;-0.431601089432969;1.39614035686235;1.31654022687294;0.679739186957652;1.24000164034466;1.02875514152661;0.333784775849828;-1.02247897743129;-0.0550312437138331;1.64718692067511;-1.50314130082888;0.483800405445256;0.428692623144895;-1.61335686542961;-1.63478766965753;1.65024846413624;-0.419354915588445;-0.391801024438264;-0.544878197494823;-1.02860206435355;-0.826540195918892;0.70116999118557;0.967524272303984;-2.32363494841204;0.297046254316253;0.361338667000008;0.535846644284486;-1.72969551695259;-1.32557178008328;3.94028297306237;2.12478770061157;1.35327874840651;0.486861948906387;0.532785100823355;0.321538602005303;-0.419354915588445;-1.60417223504621;1.49104820415742;0.370523297383402;-0.572432088645004;-0.572432088645004;-1.27046399778291;-0.186677612542474;3.4136974977478;-0.0978928521696697;-0.290770090220935;-0.609170610178578;-0.502016589038986;0.0643689512702832;0.245000015477023;0.21132303740458;-0.0795235914028826;-0.0244158091025212;0.679739186957652;-0.572432088645004;-0.391801024438264;1.49104820415742;-1.31638714969988;-2.22872710111698;-0.220354590614917;0.756277773485932;0.061307407809152;1.19714003188882;-0.554062827878217;0.0398766035812337;0.866493338086654;-1.66846464772997;0.912416490003622;0.1837691462544;1.40532498724574;-0.110139026014194;-0.584678262489529;0.557277448512404;-2.19505012304453;-0.802047848229843;-0.544878197494823;0.370523297383402;-2.22872710111698;3.24531260738559;-0.12544674331985;0.220507667787974;1.17877077112204;1.4696173999295;-2.39405044801806;0.575646709279192;0.826693273091949;-0.195862242925868;-0.633662957867628;-0.0182927221802588;-0.272400829454147;-0.0121696352579965;0.780770121174981;0.863431794625523;-0.113200569475326;-0.296893177143197;-1.02860206435355;-0.572432088645004;-0.220354590614917;-0.12544674331985;-0.208108416770393;0.388892558150189;0.388892558150189;-0.0121696352579965;0.199076863560055;0.257246189321548;1.39920190032348;0.388892558150189;-0.306077807526591;-0.324447068293378;0.110292103187251;0.370523297383402;0.431754166606026;-0.241785394842836;0.33990786277209;-0.431601089432969;-0.826540195918892;-0.572432088645004;0.756277773485932;0.220507667787974;0.388892558150189;1.20020157534995;-0.189739156003605;0.0888612989593327;-0.719386174779301;0.897108772697966;-0.431601089432969;0.113353646648382;0.245000015477023;0.186830689715531;-0.299954720604328;-0.933694217058484;0.0184457993533154;-1.63784921311866;-0.0427850698693083;1.39614035686235;0.70116999118557;-1.27046399778291;0.061307407809152;1.17877077112204;0.388892558150189;-0.189739156003605;-0.156062177931162;-0.682647653245727;-0.177492982159081;-0.315262437909984;-1.06534058588712;1.16958614073864;0.77770857771385;0.511354296595437;-1.54600290928472;-0.306077807526591;-0.774493957079662;-0.750001609390613;1.14509379304959;1.31654022687294;0.967524272303984;-0.186677612542474;1.19714003188882;1.4696173999295;-0.0121696352579965;0.0888612989593327;-0.682647653245727;-0.214231503692655;-0.0458466133304395;-0.774493957079662;-1.40823345353382;-0.520385849805774;1.19407848842769;0.229692298171367;-1.94400355923178;-0.884709521680385;-1.38986419276703;0.192953776637793;2.24724943905682;0.679739186957652;-2.32363494841204;3.4136974977478;-0.554062827878217;-2.39405044801806;0.199076863560055;-0.719386174779301;-0.177492982159081;-0.0458466133304395;1.73597168104791;1.06243211959905;0.793016295019506;0.208261493943449;-0.753063152851744;-0.520385849805774;-2.51651218646331;-0.900017238986041;0.774647034252719;-1.11432528126522;1.5584021603023;1.24000164034466;0.297046254316253;-0.0978928521696697;0.0398766035812337;0.575646709279192;0.257246189321548;0.897108772697966;-0.315262437909984;-0.774493957079662;1.06243211959905;-0.0182927221802588;-1.5337567354402;-0.318323981371115;0.793016295019506;0.266430819704942;-2.39711199147919;-0.667339935940071;-0.811232478613237;0.404200275455845;-0.0550312437138331;1.02875514152661;0.361338667000008;-0.290770090220935;0.866493338086654;0.826693273091949;1.39920190032348;-0.431601089432969;-1.06534058588712;-1.40823345353382;0.793016295019506;-1.5337567354402;-0.498955045577855;-0.25403156868736;1.09304755421036;0.177646059332137;-0.566309001722741;-1.02554052089242;-0.881647978219254;0.0674304947314144;-0.538755110572561;0.333784775849828;0.535846644284486;-0.609170610178578;-1.66846464772997;-0.195862242925868;0.388892558150189;0.113353646648382;1.16958614073864;-0.520385849805774;0.208261493943449;-0.318323981371115;-0.25403156868736;0.101107472803857;0.174584515871006;0.330723232388697;-0.955125021286402;0.217446124326843;1.09610909767149;0.352154036616615;-0.805109391690974;-1.02247897743129;-1.72969551695259;-0.502016589038986;0.912416490003622;-0.633662957867628;-0.306077807526591;0.245000015477023;0.77770857771385;1.19407848842769;-0.753063152851744;0.793016295019506;1.09304755421036;0.174584515871006;-0.45915498058315;-1.31638714969988;0.912416490003622;1.35327874840651;0.967524272303984;0.00619962550879066;0.765462403869325;-0.0550312437138331;-1.32557178008328;0.0643689512702832;0.1837691462544;-0.0182927221802588;-0.324447068293378;0.186830689715531;0.511354296595437;0.229692298171367;-0.520385849805774;0.266430819704942;0.177646059332137;0.330723232388697;-1.31638714969988;-0.964309651669796;0.122538277031776;1.50635592146307;0.768523947330456;0.358277123538877;-0.746940065929481;1.64718692067511;3.94028297306237;0.245000015477023;1.40532498724574;-0.272400829454147;0.110292103187251;-0.299954720604328;-1.54600290928472;-1.94400355923178;-2.51651218646331;-2.39711199147919;-0.566309001722741;-0.955125021286402;0.912416490003622;0.122538277031776;2.16458776560628;-0.321385524832246;-0.104015939091932;-0.0917697652474073;0.134784450876301;-1.50314130082888;2.12478770061157;0.21132303740458;-0.110139026014194;-0.0121696352579965;0.370523297383402;-0.933694217058484;-0.306077807526591;-0.884709521680385;-0.900017238986041;-0.667339935940071;-1.02554052089242;0.217446124326843;1.35327874840651;1.50635592146307;-0.321385524832246;0.646062208885209;0.229692298171367;-1.09901756395957;-0.0336004394859148;0.483800405445256;1.35327874840651;-0.0795235914028826;-0.584678262489529;0.780770121174981;0.431754166606026;0.0184457993533154;-0.774493957079662;-1.38986419276703;0.774647034252719;-0.811232478613237;-0.881647978219254;1.09610909767149;0.967524272303984;0.768523947330456;-0.104015939091932;0.229692298171367;-1.96237281999856
0.178755830905636;0.521528277512801;0.0416468522627704;0.590082766834233;-0.323977090784871;0.110201341584203;0.43012229175089;0.155904334465159;0.0187953558222929;-1.10092796976111;-0.940967494677767;0.361567802429457;0.475825284631845;0.247310320227069;1.29847915648904;0.33871630598898;-0.14116511926105;0.178755830905636;-0.483937565868215;-1.0095219839992;0.521528277512801;0.887152220560443;0.452973788191368;0.0187953558222929;-0.552492055189648;1.77836058173907;-0.232571105022961;0.0187953558222929;0.33871630598898;0.178755830905636;0.133052838024681;1.04711269564379;-0.621046544511081;-0.14116511926105;0.315864809548502;1.75550908529859;-0.0269076370586624;-1.4208489199278;0.841449227679487;-0.735304026713469;0.0416468522627704;0.452973788191368;-1.60366089145162;0.0873498451437257;-0.369680083665827;0.247310320227069;-0.209719608582483;-0.04975913349914;0.498676781072323;1.25277616360808;0.133052838024681;0.772894738358054;1.06996419208426;0.315864809548502;0.612934263274711;1.20707317072713;-0.255422601463439;-1.19233395552302;-1.32944293416589;-0.186868112142006;0.590082766834233;0.0187953558222929;0.0873498451437257;1.73265758885811;1.61840010665573;1.41273663869143;1.91546956038194;0.224458823786591;0.224458823786591;0.452973788191368;1.50414262445334;0.155904334465159;2.80667792156056;0.81859773123901;2.28109350342958;0.155904334465159;0.293013313108024;0.91000371700092;0.612934263274711;0.932855213441398;-0.323977090784871;-0.552492055189648;-0.369680083665827;1.61840010665573;-3.72885006041604;-0.758155523153946;0.452973788191368;-0.598195048070603;-1.51225490568971;-0.735304026713469;-1.2151854519635;0.361567802429457;-2.44916625974929;-1.87787884873735;0.521528277512801;-0.0954621263800953;-0.506789062308692;-0.323977090784871;-1.83217585585639;-1.78647286297544;0.110201341584203;1.77836058173907;0.247310320227069;1.41273663869143;-0.758155523153946;0.178755830905636;1.77836058173907;0.635785759715189;0.475825284631845;-0.52964055874917;0.0644983487032481;0.452973788191368;-0.872413005356334;0.590082766834233;-0.118313622820573;1.27562766004856;-0.0269076370586624;1.27562766004856;-0.52964055874917;0.155904334465159;0.43012229175089;-0.232571105022961;-0.209719608582483;1.91546956038194;0.452973788191368;1.77836058173907;0.841449227679487;1.27562766004856;-0.849561508915857;-0.0954621263800953;0.247310320227069;0.155904334465159;0.407270795310412;0.795746234798532;1.11566718496522;1.04711269564379;0.704340249036621;1.09281568852474;0.864300724119965;0.315864809548502;0.155904334465159;0.0187953558222929;-0.04975913349914;0.224458823786591;-0.598195048070603;0.635785759715189;1.27562766004856;0.452973788191368;0.361567802429457;1.27562766004856;0.178755830905636;0.590082766834233;0.361567802429457;0.841449227679487;1.27562766004856;0.270161816667547;0.658637256155666;0.0416468522627704;-0.369680083665827;-0.0954621263800953;0.0187953558222929;0.33871630598898;0.498676781072323;0.224458823786591;-1.51225490568971;0.475825284631845;-0.849561508915857;0.361567802429457;0.681488752596144;-0.826710012475379;-0.461086069427737;0.681488752596144;-0.43823457298726;-1.35229443060636;-0.14116511926105;-0.986670487558722;-0.255422601463439;-0.575343551630125;-1.16948245908254;-0.43823457298726;-1.10092796976111;0.178755830905636;1.25277616360808;0.452973788191368;-0.735304026713469;-0.52964055874917;-0.0954621263800953;1.27562766004856;-0.826710012475379;-1.26088844484445;-2.01498782738022;-0.232571105022961;-0.575343551630125;-1.14663096264207;0.932855213441398;0.0644983487032481;-0.301125594344394;-1.67221538077305;-1.6265123878921;-1.87787884873735;-0.940967494677767;0.133052838024681;0.133052838024681;1.50414262445334;-1.2151854519635;0.0644983487032481;0.247310320227069;0.178755830905636;-0.461086069427737;-2.01498782738022;-2.24350279178499;0.590082766834233;-0.346828587225349;-1.96928483449926;0.567231270393756;0.201607327346114;-0.52964055874917;-1.85502735229687;-1.0095219839992;-1.99213633093974;0.361567802429457;1.04711269564379;0.772894738358054;0.155904334465159;0.361567802429457;0.452973788191368;0.155904334465159;0.590082766834233;0.681488752596144;-0.232571105022961;0.590082766834233;3.67503478629871;1.61840010665573;-0.0269076370586624;1.52699412089382;0.772894738358054;0.567231270393756;-0.323977090784871;-0.0954621263800953;0.178755830905636;0.475825284631845;-0.621046544511081;1.06996419208426;2.80667792156056;-2.44916625974929;-0.872413005356334;0.407270795310412;0.361567802429457;-0.43823457298726;-0.575343551630125;-0.346828587225349;1.61840010665573;1.18422167428665;-1.99213633093974;-0.209719608582483;-0.712452530272991;0.498676781072323;0.201607327346114;-2.15209680602308;-1.78647286297544;0.247310320227069;-0.14116511926105;0.315864809548502;0.81859773123901;-1.87787884873735;0.590082766834233;0.795746234798532;0.841449227679487;-1.35229443060636;-1.14663096264207;-1.96928483449926;-0.0269076370586624;-1.99213633093974;-1.03237348043968;-0.621046544511081;0.681488752596144;-0.0726106299396176;-1.67221538077305;-1.51225490568971;-1.4208489199278;1.29847915648904;0.315864809548502;0.612934263274711;2.28109350342958;0.521528277512801;-0.118313622820573;1.11566718496522;1.27562766004856;-0.14116511926105;0.932855213441398;0.567231270393756;1.52699412089382;-0.209719608582483;-0.621046544511081;1.00140970276283;1.36703364581047;1.18422167428665;-0.643898040951558;-0.666749537392036;0.178755830905636;0.33871630598898;1.75550908529859;1.20707317072713;0.155904334465159;-0.0954621263800953;1.27562766004856;1.04711269564379;0.270161816667547;-0.986670487558722;0.0644983487032481;0.201607327346114;0.772894738358054;-0.712452530272991;0.681488752596144;1.36703364581047;0.0644983487032481;0.475825284631845;-0.0954621263800953;0.932855213441398;-0.346828587225349;-0.14116511926105;-0.0269076370586624;-0.255422601463439;0.293013313108024;-0.506789062308692;-0.0269076370586624;0.704340249036621;0.658637256155666;-0.255422601463439;-0.301125594344394;-0.52964055874917;0.567231270393756;0.498676781072323;-0.0726106299396176;1.18422167428665;0.475825284631845;0.955706709881875;0.521528277512801;-0.164016615701528;0.498676781072323;0.178755830905636;-1.4208489199278;-1.19233395552302;0.91000371700092;-0.323977090784871;1.27562766004856;1.09281568852474;0.0416468522627704;-0.575343551630125;-1.67221538077305;-1.85502735229687;-0.323977090784871;0.201607327346114;-1.67221538077305;-0.643898040951558;-0.0954621263800953;0.521528277512801;0.407270795310412;-1.90073034517783;-1.0095219839992;-0.483937565868215;0.841449227679487;-1.32944293416589;0.612934263274711;-1.83217585585639;-0.52964055874917;0.864300724119965;-0.369680083665827;-1.16948245908254;-1.6265123878921;-1.0095219839992;-0.0954621263800953;-2.15209680602308;-1.51225490568971;-0.666749537392036;0.932855213441398;-0.164016615701528;-1.90073034517783;1.16137017784617;-1.23803694840398;-1.0095219839992;-0.735304026713469;-0.186868112142006;0.932855213441398;-1.78647286297544;0.155904334465159;0.315864809548502;-0.0954621263800953;-0.43823457298726;-1.87787884873735;-1.99213633093974;0.178755830905636;-1.78647286297544;-1.4208489199278;0.178755830905636;-0.346828587225349;0.498676781072323;-1.0095219839992;-1.23803694840398;-2.26635428822547
-0.4908987053583;1.34914998942515;0.856279803322443;0.330551604812885;-0.0637445440692839;0.199119555185495;0.790563778508748;-0.293750630917216;1.05342787776353;-0.786620817019927;-0.0966025564761313;0.39626762962658;0.757705766101901;0.0348294931512582;0.26483557999919;-0.260892618510368;-0.35946665573091;-0.35946665573091;0.231977567592343;-0.392324668137758;1.34914998942515;0.297693592406037;-0.523756717765147;-2.4295214373623;0.724847753695053;-1.77236118922535;-2.49523746217599;-0.195176593696674;-0.458040692951453;1.31629197701831;1.08628589017037;2.40060638644427;0.954853840542985;1.28343396461146;-1.31234901552948;0.494841666847122;-1.21377497830894;-0.589472742578842;-0.885194854240469;0.921995828136138;0.856279803322443;-0.523756717765147;-1.8052192016322;-1.04948491627471;0.363409617219732;-0.885194854240469;-1.1152009410884;-0.523756717765147;-0.852336841833621;1.67773011349363;0.921995828136138;-1.14805895349525;0.199119555185495;0.527699679253969;-0.655188767392537;-0.523756717765147;-0.425182680544605;0.1334035303718;-0.720904792206232;1.57915607627309;0.330551604812885;-2.4295214373623;-1.04948491627471;0.0676875055581056;0.0348294931512582;-0.62233075498569;-0.556614730171995;-0.786620817019927;-1.34520702793633;1.87487818793471;2.13774228718949;-2.56095348698969;2.0720262623758;1.21771793979776;0.0676875055581056;-1.08234292868155;-1.01662690386786;0.724847753695053;-0.0637445440692839;1.84202017552786;-0.0637445440692839;0.724847753695053;0.363409617219732;0.0348294931512582;-3.54669385919511;0.100545517964953;2.20345831200319;-0.326608643324063;-0.688046779799384;0.461983654440274;-0.326608643324063;2.26917433681688;0.560557691660816;-0.819478829426774;-0.0637445440692839;-0.129460568882979;0.560557691660816;0.199119555185495;0.0676875055581056;0.1334035303718;0.199119555185495;-1.77236118922535;-0.885194854240469;-0.62233075498569;0.100545517964953;0.889137815729291;-0.62233075498569;-0.260892618510368;-0.129460568882979;1.11914390257722;0.790563778508748;-1.31234901552948;1.4477240266457;-1.01662690386786;-1.44378106515687;-0.523756717765147;-0.523756717765147;0.199119555185495;-0.720904792206232;0.724847753695053;0.790563778508748;-2.49523746217599;-1.1152009410884;-0.556614730171995;2.20345831200319;-0.62233075498569;-0.162318581289826;0.757705766101901;-1.54235510237742;1.08628589017037;1.34914998942515;-3.25097174753348;1.382008001832;0.823421790915596;-0.392324668137758;-0.918052866647316;-0.0637445440692839;0.889137815729291;-0.392324668137758;1.05342787776353;-0.293750630917216;-0.195176593696674;-0.523756717765147;-0.786620817019927;-0.326608643324063;-0.260892618510368;0.757705766101901;-1.31234901552948;0.593415704067664;0.757705766101901;0.691989741288206;0.297693592406037;0.560557691660816;-1.31234901552948;-0.425182680544605;-0.589472742578842;-0.918052866647316;0.527699679253969;0.39626762962658;0.461983654440274;1.05342787776353;-0.458040692951453;-0.852336841833621;-1.34520702793633;-0.688046779799384;-0.129460568882979;-1.54235510237742;0.593415704067664;-1.01662690386786;1.54629806386624;0.461983654440274;0.659131728881359;3.18919868420861;-0.589472742578842;-0.753762804613079;-0.228034606103521;-0.688046779799384;-0.458040692951453;-1.1809169659021;0.560557691660816;-0.786620817019927;1.31629197701831;1.67773011349363;1.87487818793471;0.461983654440274;1.11914390257722;1.08628589017037;0.757705766101901;1.54629806386624;-0.786620817019927;-1.41092305275003;1.11914390257722;-0.983768891461011;-0.688046779799384;0.757705766101901;0.626273716474511;0.39626762962658;0.00197148074441085;0.297693592406037;-0.885194854240469;-0.0966025564761313;1.08628589017037;0.921995828136138;2.13774228718949;-0.326608643324063;0.790563778508748;1.34914998942515;0.691989741288206;0.461983654440274;-1.41092305275003;-0.950910879054163;0.560557691660816;-0.720904792206232;-1.04948491627471;1.31629197701831;0.757705766101901;0.593415704067664;-0.35946665573091;0.724847753695053;-1.01662690386786;0.39626762962658;2.40060638644427;-1.14805895349525;-2.56095348698969;2.26917433681688;-1.31234901552948;-3.25097174753348;0.297693592406037;0.659131728881359;1.11914390257722;0.560557691660816;0.757705766101901;-0.0637445440692839;1.382008001832;0.297693592406037;-0.4908987053583;-0.35946665573091;0.659131728881359;-0.753762804613079;1.382008001832;0.757705766101901;0.954853840542985;0.199119555185495;2.0720262623758;0.560557691660816;1.4477240266457;1.382008001832;0.560557691660816;3.18919868420861;-0.983768891461011;-0.720904792206232;-0.0637445440692839;0.0676875055581056;-1.44378106515687;-1.1809169659021;0.39626762962658;0.560557691660816;-2.26523137532806;-0.4908987053583;-0.523756717765147;0.0348294931512582;1.28343396461146;0.527699679253969;1.21771793979776;-0.819478829426774;-1.01662690386786;0.823421790915596;-1.31234901552948;-0.589472742578842;-0.688046779799384;-1.04948491627471;1.382008001832;-1.44378106515687;-1.50949708997057;0.593415704067664;0.889137815729291;0.954853840542985;-0.589472742578842;-0.0637445440692839;-0.786620817019927;0.26483557999919;-1.31234901552948;-0.655188767392537;0.0676875055581056;-0.0637445440692839;-1.44378106515687;-0.392324668137758;-0.425182680544605;-0.753762804613079;0.757705766101901;1.31629197701831;0.297693592406037;-1.1809169659021;0.593415704067664;0.790563778508748;-0.0308865316624365;-0.293750630917216;-0.983768891461011;-1.14805895349525;0.231977567592343;-0.260892618510368;0.494841666847122;-0.523756717765147;-1.08234292868155;-0.129460568882979;-0.523756717765147;-0.918052866647316;-0.589472742578842;-0.228034606103521;0.626273716474511;0.757705766101901;-0.4908987053583;0.39626762962658;0.889137815729291;-0.0308865316624365;-0.720904792206232;-0.326608643324063;1.05342787776353;0.231977567592343;0.527699679253969;-0.35946665573091;-1.21377497830894;-0.425182680544605;-1.01662690386786;0.560557691660816;-0.523756717765147;-0.0637445440692839;-0.918052866647316;-0.688046779799384;0.39626762962658;0.593415704067664;-0.35946665573091;0.560557691660816;0.954853840542985;-0.293750630917216;-0.326608643324063;0.0348294931512582;0.659131728881359;0.363409617219732;0.757705766101901;-0.35946665573091;-0.589472742578842;0.1334035303718;0.724847753695053;0.199119555185495;0.199119555185495;0.889137815729291;0.527699679253969;-0.458040692951453;0.00197148074441085;-0.35946665573091;0.659131728881359;-2.26523137532806;-0.589472742578842;-0.983768891461011;1.05342787776353;0.659131728881359;-0.458040692951453;-0.195176593696674;-0.293750630917216;0.231977567592343;-0.885194854240469;-0.720904792206232;-0.0637445440692839;0.0676875055581056;-0.720904792206232;-0.392324668137758;0.39626762962658;-1.1809169659021;0.297693592406037;0.724847753695053;-0.753762804613079;-0.4908987053583;-0.0637445440692839;-1.14805895349525;0.231977567592343;0.363409617219732;-0.195176593696674;0.1334035303718;0.00197148074441085;-0.392324668137758;0.921995828136138;1.57915607627309;1.84202017552786;0.1334035303718;0.724847753695053;1.05342787776353;0.461983654440274;0.560557691660816;-0.885194854240469;-1.01662690386786;1.382008001832;-0.523756717765147;-0.786620817019927;0.231977567592343;0.527699679253969;0.757705766101901;-0.293750630917216;0.00197148074441085;-1.01662690386786
